Flock ID,BOP Path
1,2423 1458 213 980 2273 1388 2423
1,2423 981 554 955 1209 2058 2423
1,2423 811 2236 419 7 32 2423
1,2423 955 152 724 425 1962 2423
1,2423 947 1936 1570 2037 964 2423
1,2423 1760 1507 2071 2397 1239 2423
2,2213 1824 2033 2354 2451 2354 2033 1824 2213
2,2213 1824 2033 2354 2451 2354 2033 1824 2213
2,2213 1824 2033 2354 2451 2354 2033 1824 2213
2,2213 1824 2033 2354 2451 2354 2033 1824 2213
3,996 575 1131 358 614 1480 272 2359 1768 575 1041 12 786 909 1144 1609 914 1567 996
3,996 575 201 767 2359 1534 1330 1741 1259 575 1144 1128 535 614 1766 1480 882 272 996
3,996 1041 381 1944 1330 1034 12 1609 786 575 899 1567 614 1128 914 882 2018 909 996
4,1767 1083 1493 692 1658 1485 2213 1824 2033 2354 208 2451 105 2451 208 2354 2033 1824 2213 1485 1658 692 1493 1083 1767
4,1767 1083 1493 692 1658 1485 2213 1824 2033 2354 208 2451 105 2451 208 2354 2033 1824 2213 1485 1658 692 1493 1083 1767
4,1767 1083 1493 692 1658 1485 2213 1824 2033 2354 208 2451 105 2451 208 2354 2033 1824 2213 1485 1658 692 1493 1083 1767
5,1642 2241 2418 2205 28 2329 1765 1107 341 421 1163 1338 1610 1674 1340 184 547 49 1296 377 2360 1170 70 68 1642
5,1642 2241 2418 2205 28 2329 1765 1107 341 421 1163 1338 1610 1674 1340 184 547 49 1296 377 2360 1170 70 68 1642
5,1642 2241 2418 2205 28 2329 1765 1107 341 421 1163 1338 1610 1674 1340 184 547 49 1296 377 2360 1170 70 68 1642
5,1642 2241 2418 2205 28 2329 1765 1107 341 421 1163 1338 1610 1674 1340 184 547 49 1296 377 2360 1170 70 68 1642
5,1642 2241 2418 2205 28 2329 1765 1107 341 421 1163 1338 1610 1674 1340 184 547 49 1296 377 2360 1170 70 68 1642
6,513 1969 2029 840 1502 998 509 871 2349 517 2123 391 1407 1955 2406 928 1068 2180 205 1121 1649 269 2473 1576 2065 748 416 176 513
6,513 1969 2029 840 1502 998 509 871 2349 517 2123 391 1407 1955 2406 962 30 2109 2207 780 31 1730 2367 1523 2331 1382 1014 2165 513
6,513 1969 2029 840 1502 998 509 871 2349 517 2123 391 1407 1955 2406 439 1893 1099 2376 2445 1912 1352 1078 811 1104 1107 1883 516 513
6,513 1969 2029 840 1502 998 509 871 2349 517 2123 391 1407 1955 2406 99 177 1189 867 415 1019 1224 680 1436 1826 834 2377 910 513
