Flock ID,BOP Path
1,535 1417 1585 2260 1128 2359 348 2277 1330 358 2260 2187 1768 1743 1534 1131 614 533 914 1259 535
1,535 614 2260 381 386 575 914 358 194 1034 2260 1330 1647 1131 1128 1741 2359 1480 996 1509 535
1,535 1128 1259 194 1308 2187 533 2260 1768 614 2260 201 1743 914 358 2359 1957 116 480 272 535
2,2182 1108 491 955 1887 2423 186 1985 2126 16 2239 286 947 2069 2182
2,2182 1108 491 955 1887 2423 186 1985 2126 16 2239 286 947 2069 2182
2,2182 1108 491 955 1887 2423 186 1985 2126 16 2239 286 947 2069 2182
2,2182 1108 491 955 1887 2423 186 1985 2126 16 2239 286 947 2069 2182
3,7 834 1730 4 1740 937 1221 129 2207 812 629 1208 2141 219 2451 645 179 871 712 653 601 2024 2228 1176 1555 447 7
3,7 834 1730 4 1740 937 1221 129 2207 812 629 1208 2141 219 1356 295 1118 545 421 400 1479 2044 973 2120 1065 1595 7
3,7 834 1730 4 1740 937 1221 129 2207 812 629 1208 2141 219 73 830 1807 2033 2473 567 682 2290 1310 1630 1235 2236 7
3,7 834 1730 4 1740 937 1221 129 2207 812 629 1208 2141 219 105 686 887 2494 1055 1827 514 2203 1577 1828 1622 2377 7
3,7 834 1730 4 1740 937 1221 129 2207 812 629 1208 2141 219 734 1782 1665 1383 798 352 653 613 2307 1820 2024 1479 7
4,555 456 759 1739 269 75 1463 2498 928 1805 793 1805 928 2498 1463 75 269 1739 759 456 555
4,555 456 759 1739 269 75 1463 2498 928 1805 793 1805 928 2498 1463 75 269 1739 759 456 555
4,555 456 759 1739 269 75 1463 2498 928 1805 793 1805 928 2498 1463 75 269 1739 759 456 555
4,555 456 759 1739 269 75 1463 2498 928 1805 793 1805 928 2498 1463 75 269 1739 759 456 555
5,456 1739 456
5,456 1739 456
5,456 1739 456
6,1296 1450 1693 1695 1305 2226 93 2131 989 1821 2022 697 1296
6,1296 2300 1193 1404 590 84 806 1565 1904 1891 1447 583 1296
6,1296 85 649 1096 1225 2013 857 573 2428 1556 415 75 1296
6,1296 516 1821 2008 2211 2430 919 482 711 1310 2393 892 1296
6,1296 925 2254 1773 1767 1671 532 1792 2331 1493 1502 1658 1296
6,1296 32 1703 1134 2342 1506 2487 2020 2225 1089 305 45 1296
6,1296 537 1991 621 1228 17 2328 1613 683 2259 2241 74 1296
6,1296 598 1948 1703 209 971 2063 2281 735 1631 1749 1270 1296
