Flock ID,BOP Path
1,359 726 1791 726 359
1,359 726 1791 726 359
1,359 726 1791 726 359
1,359 726 1791 726 359
1,359 726 1791 726 359
2,1308 12 381 386 1741 194 767 1957 348 614 1567 786 1585 1259 2359 535 1609 1768 1308
2,1308 1144 348 1741 1131 882 480 1041 194 614 2018 1128 1609 1509 1480 786 1944 1743 1308
2,1308 899 1957 1832 786 2187 1768 533 2277 614 575 1567 480 535 12 1644 116 767 1308
3,269 2327 2154 560 269
3,269 125 1538 2214 269
3,269 1543 1983 443 269
3,269 1545 522 2456 269
3,269 2228 500 108 269
3,269 868 336 2377 269
3,269 341 858 698 269
3,269 475 1315 32 269
3,269 321 2242 554 269
3,269 144 866 1088 269
4,1180 1622 108 337 2161 85 321 2313 424 2299 5 1260 25 436 1051 1110 461 327 1576 1310 1382 222 1180
4,1180 1622 108 337 2161 85 321 2313 424 2299 5 1260 2219 1216 1143 1325 732 2329 2182 176 1772 1750 1180
4,1180 1622 108 337 2161 85 321 2313 424 2299 5 1260 396 1956 1584 1708 2112 2346 1502 514 1814 612 1180
4,1180 1622 108 337 2161 85 321 2313 424 2299 5 1260 2060 1986 1472 771 300 1176 245 660 2188 1165 1180
4,1180 1622 108 337 2161 85 321 2313 424 2299 5 1260 921 719 1602 286 574 461 892 760 648 2367 1180
5,2304 432 1528 1936 2022 1350 1015 712 2307 545 618 1763 738 1991 2304
5,2304 432 1528 1936 2022 1350 1015 712 2307 545 618 1763 738 1991 2304
5,2304 432 1528 1936 2022 1350 1015 712 2307 545 618 1763 738 1991 2304
6,359 726 64 1791 554 1985 554 1791 64 726 359
6,359 726 64 1791 554 1985 554 1791 64 726 359
6,359 726 64 1791 554 1985 554 1791 64 726 359
6,359 726 64 1791 554 1985 554 1791 64 726 359
6,359 726 64 1791 554 1985 554 1791 64 726 359
